ISS (ZARYA)             
1 25544U 98067A   23339.71939281 -.00001814  00000+0 -23662-4 0  9998
2 25544  51.6407 198.9321 0001902   0.0960 108.6377 15.50185475428394
ISS DEB                 
1 47853U 98067RZ  23339.52920502  .00080987  00000+0  33025-3 0  9999
2 47853  51.6266 137.7617 0002735 215.2010 144.8814 15.85429663155814
CSS (TIANHE)            
1 48274U 21035A   23339.59407754  .00016084  00000+0  17321-3 0  9992
2 48274  41.4693 192.0405 0007923 279.7862  80.2083 15.63309633148639
ISS (NAUKA)             
1 49044U 21066A   23338.60401817  .00015871  00000+0  28379-3 0  9995
2 49044  51.6389 204.4602 0001182   5.7267 354.3735 15.50171078428214
FREGAT DEB              
1 49271U 11037PF  23338.61852791  .00013805  00000+0  29063-1 0  9990
2 49271  51.6501 184.9008 1025698  70.7561 300.1284 12.10634974111479
CSS (WENTIAN)           
1 53239U 22085A   23338.31639443  .00014845  00000+0  16046-3 0  9992
2 53239  41.4695 199.8457 0007894 272.9221  87.0716 15.63265042148432
CSS (MENGTIAN)          
1 54216U 22143A   23338.31639443  .00014845  00000+0  16046-3 0  9993
2 54216  41.4695 199.8457 0007894 272.9221  87.0716 15.63265042148438
ISS DEB (SPX-26 IPA FSE)
1 55448U 98067VB  23339.78703355  .00417619  86652-4  75798-3 0  9992
2 55448  51.6239 161.8774 0003688 246.0584 114.0040 16.00907799 48271
ISS DEB                 
1 56434U 98067VJ  23339.73837181  .00654462  20783-3  11416-2 0  9995
2 56434  51.6231 175.1261 0004870 232.4206 127.6362 16.01558659 33833
TIANZHOU-6              
1 56446U 23063A   23338.31639443  .00014845  00000+0  16046-3 0  9992
2 56446  41.4695 199.8457 0007894 272.9221  87.0716 15.63265042148435
ISS DEB                 
1 57212U 98067VP  23339.67400434  .00047589  00000+0  51161-3 0  9994
2 57212  51.6344 192.1086 0000709 272.5968  87.4945 15.63259837 25412
1998-067VQ              
1 57312U 98067VQ  23339.65735638  .00256091  00000+0  11404-2 0  9995
2 57312  51.6290 185.9550 0006841 183.2018 176.8942 15.83004150 23793
1998-067VR              
1 57313U 98067VR  23339.69230042  .00156968  00000+0  98128-3 0  9990
2 57313  51.6311 187.7047 0006476 178.6384 181.4635 15.75821056 23780
1998-067VT              
1 57315U 98067VT  23339.57538887  .00284754  00000+0  12164-2 0  9997
2 57315  51.6284 186.1407 0006724 183.4247 176.6711 15.83810626 23794
MOONLIGHTER             
1 57316U 98067VU  23339.71054795  .00048682  00000+0  38727-3 0  9997
2 57316  51.6318 187.8343 0001679 158.7891 201.3176 15.70709988 23777
MAYA-5                  
1 57419U 98067VW  23339.70196773  .06572850  12127-4  12654-2 0  9996
2 57419  51.6100 180.8523 0007717 257.6072 102.4087 16.30956210 21872
MAYA-6                  
1 57420U 98067VX  23339.02962459  .01474979  15098-2  15366-2 0  9994
2 57420  51.6130 185.3828 0007799 234.6182 125.4104 16.10125831 21759
CYGNUS NG-19            
1 57488U 23110A   23338.60401817  .00015871  00000+0  28379-3 0  9998
2 57488  51.6389 204.4602 0001182   5.7267 354.3735 15.50171078428215
PROGRESS-MS 24          
1 57691U 23125A   23338.60401817  .00015871  00000+0  28379-3 0  9990
2 57691  51.6389 204.4602 0001182   5.7267 354.3735 15.50171078428211
CREW DRAGON 7           
1 57697U 23128A   23338.60401817  .00015871  00000+0  28379-3 0  9999
2 57697  51.6389 204.4602 0001182   5.7267 354.3735 15.50171078428217
SOYUZ-MS 24             
1 57862U 23143A   23338.60401817  .00015871  00000+0  28379-3 0  9990
2 57862  51.6389 204.4602 0001182   5.7267 354.3735 15.50171078428211
SHENZHOU-17 (SZ-17)     
1 58146U 23164A   23338.31639443  .00014845  00000+0  16046-3 0  9993
2 58146  41.4695 199.8457 0007894 272.9221  87.0716 15.63265042148434
ISS DEB                 
1 58174U 98067WA  23339.04364187  .00072128  00000+0  10126-2 0  9999
2 58174  51.6377 201.4004 0004736 200.4449 159.6354 15.56050959  6284
ISS DEB                 
1 58229U 98067WC  23339.72460456  .00038976  00000+0  61198-3 0  9990
2 58229  51.6390 198.4451 0002642 202.4826 157.6049 15.53263031  5176
DRAGON CRS-29           
1 58255U 23173A   23338.60401817  .00015871  00000+0  28379-3 0  9990
2 58255  51.6389 204.4602 0001182   5.7267 354.3735 15.50171078428218
PROGRESS-MS 25          
1 58460U 23184A   23338.60401817  .00015871  00000+0  28379-3 0  9990
2 58460  51.6389 204.4602 0001182   5.7267 354.3735 15.50171078428216
